00
00
00
00
00
00
00
00
03
00
00
00
00
04
02
00
04
03
02
02
02
01
00
00
00
00
00
00
00
00
00
00
00
00
00
00
00
00
03
10
0a
00
00
01
06
00
00
00
00
07
07
04
00
00
00
00
00
00
00
00
00
00
00
00
03
07
00
00
00
03
09
03
00
04
0e
0c
00
00
00
00
00
00
00
00
00
00
00
00
00
00
00
00
07
00
00
0b
0e
00
00
00
06
00
00
00
00
02
02
00
00
00
00
00
00
00
00
00
00
00
00
00
00
00
04
02
00
00
00
00
00
02
06
08
07
05
02
01
00
00
00
00
00
00
00
00
00
00
00
00
0a
05
00
00
03
07
02
00
00
00
00
00
00
00
00
00
00
00
00
00
00
00
00
00
00
00
00
00
00
05
4b
7f
7f
7f
7f
7f
74
45
0f
00
00
0b
09
00
00
00
00
00
00
00
00
00
00
00
00
00
01
7f
7f
7f
7f
7f
7f
7f
7f
7f
7f
7f
43
07
00
00
00
00
00
00
00
08
06
00
01
02
00
01
3d
7f
7f
7f
7f
7f
7f
7f
7f
7f
7f
7f
7f
7f
47
00
02
00
03
07
00
00
00
07
07
00
12
3a
7f
7f
7f
7f
7f
7f
7f
7f
7f
4b
4c
7f
7f
7f
7f
23
04
05
00
00
03
00
03
07
00
00
7f
7f
7f
7f
7f
00
00
08
00
3f
7f
06
05
00
51
7f
7f
7f
12
09
00
01
07
01
00
00
07
4c
7f
7f
7f
20
07
00
07
00
00
11
05
02
0e
00
00
7a
7f
7f
51
00
00
0a
00
00
01
02
0c
7f
7f
7f
30
05
00
00
09
05
00
00
00
03
00
0f
00
00
7f
7f
7f
00
02
0a
00
00
08
03
00
7f
7f
7f
03
09
00
00
00
05
04
04
00
00
04
00
15
10
7f
7f
7f
04
01
00
0c
00
00
00
03
7f
7f
71
00
00
00
0d
00
00
02
00
00
07
00
04
00
03
7f
7f
7f
05
00
00
00
00
07
00
00
7f
7f
49
04
00
00
00
04
01
00
0c
05
00
00
02
0c
00
7f
7f
7f
00
02
00
00
04
06
00
02
7f
7f
5a
00
04
00
10
00
00
0d
00
04
00
00
0c
00
45
7f
7f
39
0e
00
01
03
00
02
09
00
7f
7f
7f
02
00
0c
00
13
09
00
00
00
0c
0a
00
1f
7f
7f
7f
23
07
00
03
00
00
02
00
00
7f
7f
7f
0c
07
00
03
00
00
00
0b
03
00
00
49
7f
7f
7f
70
09
00
01
05
00
03
00
00
00
71
7f
7f
7f
08
0a
00
06
08
00
00
04
0b
7f
7f
7f
7f
7f
01
00
00
02
03
06
00
00
08
00
1f
7f
7f
7f
7f
67
7f
2b
1e
3a
39
7f
7f
7f
7f
7f
73
0a
00
00
00
01
00
06
00
00
10
00
00
4c
7f
7f
7f
7f
7f
7f
7f
7f
7f
7f
7f
7f
7f
13
00
06
00
04
00
00
00
00
01
03
02
00
00
02
26
7e
7f
7f
7f
7f
7f
7f
7f
7f
49
2e
01
05
0c
00
09
05
00
00
04
00
04
01
00
00
12
00
00
00
00
32
00
00
00
0d
02
05
01
00
00
00
01
00
02
02
00
01
08
00
00
00
00
00
00
00
00
00
00
00
00
00
00
00
00
00
00
00
00
00
00
00
00
00
00
00
00
00
00
00
00
00
00
00
00
00
00
00
00
00
00
00
00
00
00
00
00
00
00
00
00
00
00
00
00
00
00
00
00
00
00
00
00
00
00
00
00
00
00
00
00
00
00
00
00
00
00
00
00
00
00
00
00
00
00
00
00
00
00
00
00
00
00
00
00
00
00
00
00
00
00
00
00
00
00
00
00
00
00
00
00
